22,22,08.373, 0000000.00 7598844.00
:22,22,08.380, 0000000.00 7598844.00
:22,22,08.402, 0000000.00 7598844.00
:22,22,08.422, 0000000.00 7598844.00
:22,22,08.442, 0000000.00 7598844.00
:22,22,08.462, 0000000.00 7598844.00
:22,22,08.483, 0000000.00 7598844.00
:22,22,08.503, 0000000.00 7598844.00
:22,22,08.523, 0000000.00 7598844.00
:22,22,08.542, 0000000.00 7598844.00
:22,22,08.562, 0000000.00 7598844.00
:22,22,08.582, 0000000.00 7598844.00
:22,22,08.603, 0000000.00 7598844.00
:22,22,08.622, 0000000.00 7598844.00
:22,22,08.642, 0000000.00 7598844.00
:22,22,08.663, 0000000.00 7598844.00
:22,22,08.682, 0000000.00 7598844.00
:22,22,08.703, 0000000.00 7598844.00
:22,22,08.723, 0000000.00 7598844.00
:22,22,08.742, 0000000.00 7598844.00
:22,22,08.762, 0000000.00 7598844.00
:22,22,08.782, 0000000.00 7598844.00
:22,22,08.802, 0000000.00 7598844.00
:22,22,08.823, 0000000.00 7598844.00
:22,22,08.843, 0000000.00 7598844.00
:22,22,08.863, 0000000.00 7598844.00
:22,22,08.883, 0000000.00 7598844.00
:22,22,08.903, 0000000.00 7598844.00
:22,22,08.922, 0000000.00 7598844.00
:22,22,08.942, 0000000.00 7598844.00
:22,22,08.962, 0000000.00 7598844.00
:22,22,08.983, 0000000.00 7598844.00
:22,22,09.002, 0000000.00 7598844.00
:22,22,09.023, 0000000.00 7598844.00
:22,22,09.043, 0000000.00 7598844.00
:22,22,09.062, 0000000.00 7598844.00
:22,22,09.083, 0000000.00 7598844.00
:22,22,09.102, 0000000.00 7598844.00
:22,22,09.122, 0000000.00 7598844.00
:22,22,09.143, 0000000.00 7598844.00
:22,22,09.162, 0000000.00 7598844.00
:22,22,09.182, 0000000.00 7598844.00
:22,22,09.202, 0000000.00 7598844.00
:22,22,09.222, 0000000.00 7598844.00
:22,22,09.243, 0000000.00 7598844.00
:22,22,09.262, 0000000.00 7598844.00
:22,22,09.283, 0000000.00 7598844.00
:22,22,09.302, 0000000.00 7598844.00
:22,22,09.322, 0000000.00 7598844.00
:22,22,09.342, 0000000.00 7598844.00
:22,22,09.362, 0000000.00 7598844.00
:22,22,09.383, 0000000.00 7598844.00
:22,22,09.402, 0000000.00 7598844.00
:22,22,09.422, 0000000.00 7598844.00
:22,22,09.443, 0000000.00 7598844.00
:22,22,09.463, 0000000.00 7598844.00
:22,22,09.483, 0000000.00 7598844.00
:22,22,09.503, 0000000.00 7598844.00
:22,22,09.522, 0000000.00 7598844.00
:22,22,09.542, 0000000.00 7598844.00
:22,22,09.562, 0000000.00 7598844.00
:22,22,09.583, 0000000.00 7598844.00
:22,22,09.603, 0000000.00 7598844.00
:22,22,09.623, 0000000.00 7598844.00
:22,22,09.643, 0000000.00 7598844.00
:22,22,09.663, 0000000.00 7598844.00
:22,22,09.683, 0000000.00 7598844.00
:22,22,09.702, 0000000.00 7598844.00
:22,22,09.722, 0000000.00 7598844.00
:22,22,09.743, 0000000.00 7598844.00
:22,22,09.762, 0000000.00 7598844.00
:22,22,09.782, 0000000.00 7598844.00
:22,22,09.803, 0000000.00 7598844.00
:22,22,09.823, 0000000.00 7598844.00
:22,22,09.843, 0000000.00 7598844.00
:22,22,09.863, 0000000.00 7598844.00
:22,22,09.882, 0000000.00 7598844.00
:22,22,09.903, 0000000.00 7598844.00
:22,22,09.922, 0000000.00 7598844.00
:22,22,09.943, 0000000.00 7598844.00
:22,22,09.962, 0000000.00 7598844.00
:22,22,09.982, 0000000.00 7598844.00
:22,22,10.002, 0000000.00 7598844.00
:22,22,10.022, 0000000.00 7598844.00
:22,22,10.043, 0000000.00 7598844.00
:22,22,10.062, 0000000.00 7598844.00
:22,22,10.083, 0000000.00 7598844.00
:22,22,10.102, 0000000.00 7598844.00
:22,22,10.122, 0000000.00 7598844.00
:22,22,10.143, 0000000.00 7598844.00
:22,22,10.162, 0000000.00 7598844.00
:22,22,10.182, 0000000.00 7598844.00
:22,22,10.203, 0000000.00 7598844.00
:22,22,10.222, 0000000.00 7598844.00
:22,22,10.242, 0000000.00 7598844.00
:22,22,10.263, 0000000.00 7598844.00
:22,22,10.282, 0000000.00 7598844.00
:22,22,10.302, 0000000.00 7598844.00
:22,22,10.322, 0000000.00 7598844.00
:22,22,10.342, 0000000.00 7598844.00
:22,22,10.362, 0000000.00 7598844.00
:22,22,10.383, 0000000.00 7598844.00
:22,22,10.403, 0000000.00 7598844.00
:22,22,10.423, 0000000.00 7598844.00
:22,22,10.443, 0000000.00 7598844.00
:22,22,10.462, 0000000.00 7598844.00
:22,22,10.483, 0000000.00 7598844.00
:22,22,10.502, 0000000.00 7598844.00
:22,22,10.523, 0000000.00 7598844.00
:22,22,10.543, 0000000.00 7598844.00
:22,22,10.562, 0000000.00 7598844.00
:22,22,10.582, 0000000.00 7598844.00
:22,22,10.602, 0000000.00 7598844.00
:22,22,10.622, 0000000.00 7598844.00
:22,22,10.642, 0000000.00 7598844.00
:22,22,10.662, 0000000.00 7598844.00
:22,22,10.684, 0000000.00 7598844.00
:22,22,10.702, 0000000.00 7598844.00
:22,22,10.722, 0000000.00 7598844.00
:22,22,10.742, 0000000.00 7598844.00
:22,22,10.762, 0000000.00 7598844.00
:22,22,10.782, 0000000.00 7598844.00
:22,22,10.802, 0000000.00 7598844.00
:22,22,10.822, 0000000.00 7598844.00
:22,22,10.843, 0000000.00 7598844.00
:22,22,10.863, 0000000.00 7598844.00
:22,22,10.883, 0000000.00 7598844.00
:22,22,10.903, 0000000.00 7598844.00
:22,22,10.922, 0000000.00 7598844.00
:22,22,10.942, 0000000.00 7598844.00
:22,22,10.962, 0000000.00 7598844.00
:22,22,10.982, 0000000.00 7598844.00
:22,22,11.002, 0000000.00 7598844.00
:22,22,11.022, 0000000.00 7598844.00
:22,22,11.042, 0000000.00 7598844.00
:22,22,11.062, 0000000.00 7598844.00
:22,22,11.082, 0000000.00 7598844.00
:22,22,11.102, 0000000.00 7598844.00
:22,22,11.122, 0000000.00 7598844.00
:22,22,11.142, 0000000.00 7598844.00
:22,22,11.162, 0000000.00 7598844.00
:22,22,11.182, 0000000.00 7598844.00
:22,22,11.202, 0000000.00 7598844.00
:22,22,11.222, 0000000.00 7598844.00
:22,22,11.242, 0000000.00 7598844.00
:22,22,11.262, 0000000.00 7598844.00
:22,22,11.282, 0000000.00 7598844.00
:22,22,11.302, 0000000.00 7598844.00
:22,22,11.322, 0000000.00 7598844.00
:22,22,11.342, 0000000.00 7598844.00
:22,22,11.362, 0000290.00 7598881.00
:22,22,11.383, 0002181.00 7599139.00
:22,22,11.403, 0005377.00 7599612.00
:22,22,11.423, 0009618.00 7600292.00
:22,22,11.444, 0014505.00 7601135.00
:22,22,11.463, 0020113.00 7602170.00
:22,22,11.483, 0026375.00 7603469.00
:22,22,11.502, 0033395.00 7604966.00
:22,22,11.523, 0040967.00 7606594.00
:22,22,11.543, 0048544.00 7608411.00
:22,22,11.562, 0056712.00 7610507.00
:22,22,11.583, 0064866.00 7612709.00
:22,22,11.603, 0073021.00 7615072.00
:22,22,11.622, 0081710.00 7617739.00
:22,22,11.643, 0090018.00 7620589.00
:22,22,11.663, 0097951.00 7623368.00
:22,22,11.682, 0102168.00 7625853.00
:22,22,11.702, 0103519.00 7628138.00
:22,22,11.722, 0107966.00 7630744.00
:22,22,11.742, 0110526.00 7633310.00
:22,22,11.763, 0110516.00 7635573.00
:22,22,11.783, 0109906.00 7637652.00
:22,22,11.803, 0109875.00 7639793.00
:22,22,11.822, 0110824.00 7642173.00
:22,22,11.843, 0113278.00 7644665.00
:22,22,11.863, 0117486.00 7647588.00
:22,22,11.882, 0124465.00 7650785.00
:22,22,11.902, 0134096.00 7654633.00
:22,22,11.922, 0143831.00 7658559.00
:22,22,11.942, 0153476.00 7662872.00
:22,22,11.962, 0162664.00 7667052.00
:22,22,11.983, 0169891.00 7671409.00
:22,22,12.002, 0176320.00 7675554.00
:22,22,12.022, 0181402.00 7679888.00
:22,22,12.042, 0185845.00 7684002.00
:22,22,12.063, 0189345.00 7688103.00
:22,22,12.082, 0192100.00 7692375.00
:22,22,12.102, 0180434.00 7694606.00
:22,22,12.122, 0164550.00 7696153.00
:22,22,12.142, 0149232.00 7697301.00
:22,22,12.162, 0135017.00 7698354.00
:22,22,12.182, 0121082.00 7699199.00
:22,22,12.202, 0108131.00 7699850.00
:22,22,12.222, 0095097.00 7700300.00
:22,22,12.243, 0082464.00 7700531.00
:22,22,12.263, 0070818.00 7700577.00
:22,22,12.283, 0060064.00 7700577.00
:22,22,12.302, 0051344.00 7700577.00
:22,22,12.322, 0043890.00 7700577.00
:22,22,12.342, 0037225.00 7700577.00
:22,22,12.362, 0031721.00 7700596.00
:22,22,12.383, 0028992.00 7700846.00
:22,22,12.403, 0027935.00 7701295.00
:22,22,12.423, 0028564.00 7701923.00
:22,22,12.443, 0030509.00 7702786.00
:22,22,12.462, 0033784.00 7703805.00
:22,22,12.483, 0037870.00 7705079.00
:22,22,12.502, 0043067.00 7706488.00
:22,22,12.522, 0048740.00 7708175.00
:22,22,12.542, 0055310.00 7709974.00
:22,22,12.562, 0062124.00 7712073.00
:22,22,12.583, 0069671.00 7714258.00
:22,22,12.603, 0077250.00 7716636.00
:22,22,12.622, 0085548.00 7719338.00
:22,22,12.643, 0093758.00 7722111.00
:22,22,12.662, 0102579.00 7725222.00
:22,22,12.683, 0111223.00 7728548.00
:22,22,12.702, 0120382.00 7731901.00
:22,22,12.722, 0129012.00 7735411.00
:22,22,12.742, 0138042.00 7739271.00
:22,22,12.763, 0145489.00 7743150.00
:22,22,12.783, 0150036.00 7746574.00
:22,22,12.803, 0153400.00 7749956.00
:22,22,12.823, 0157299.00 7753656.00
:22,22,12.842, 0162424.00 7757389.00
:22,22,12.862, 0168444.00 7761531.00
:22,22,12.883, 0174606.00 7765647.00
:22,22,12.902, 0181116.00 7770107.00
:22,22,12.923, 0185119.00 7774186.00
:22,22,12.942, 0181609.00 7777501.00
:22,22,12.962, 0177177.00 7780479.00
:22,22,12.983, 0172383.00 7783431.00
:22,22,13.002, 0166519.00 7786041.00
:22,22,13.023, 0159899.00 7788519.00
:22,22,13.043, 0152698.00 7790714.00
:22,22,13.062, 0145252.00 7792792.00
:22,22,13.083, 0137131.00 7794582.00
:22,22,13.102, 0129214.00 7796274.00
:22,22,13.122, 0120729.00 7797705.00
:22,22,13.142, 0112322.00 7798991.00
:22,22,13.162, 0103312.00 7800024.00
:22,22,13.182, 0094567.00 7800905.00
:22,22,13.203, 0085221.00 7801548.00
:22,22,13.223, 0076184.00 7801999.00
:22,22,13.243, 0066562.00 7802265.00
:22,22,13.262, 0057358.00 7802329.00
:22,22,13.282, 0048648.00 7802329.00
:22,22,13.303, 0041585.00 7802329.00
:22,22,13.322, 0035548.00 7802329.00
:22,22,13.342, 0030150.00 7802329.00
:22,22,13.362, 0025961.00 7802359.00
:22,22,13.382, 0023864.00 7802599.00
:22,22,13.402, 0023617.00 7803052.00
:22,22,13.423, 0024860.00 7803678.00
:22,22,13.442, 0027482.00 7804539.00
:22,22,13.463, 0031093.00 7805559.00
:22,22,13.482, 0035561.00 7806831.00
:22,22,13.502, 0041110.00 7808241.00
:22,22,13.522, 0047061.00 7809842.00
:22,22,13.542, 0053562.00 7811728.00
:22,22,13.562, 0060875.00 7813716.00
:22,22,13.582, 0068550.00 7815998.00
:22,22,13.603, 0076144.00 7818479.00
:22,22,13.623, 0084045.00 7821036.00
:22,22,13.642, 0093043.00 7823927.00
:22,22,13.663, 0100620.00 7826832.00
:22,22,13.682, 0109728.00 7829968.00
:22,22,13.702, 0115672.00 7833025.00
:22,22,13.722, 0117655.00 7835674.00
:22,22,13.742, 0117024.00 7837878.00
:22,22,13.762, 0115264.00 7839936.00
:22,22,13.782, 0113765.00 7842097.00
:22,22,13.803, 0112490.00 7844147.00
:22,22,13.822, 0111209.00 7846283.00
:22,22,13.843, 0110087.00 7848305.00
:22,22,13.863, 0109736.00 7850515.00
:22,22,13.882, 0111420.00 7852878.00
:22,22,13.902, 0115916.00 7855806.00
:22,22,13.922, 0124597.00 7859191.00
:22,22,13.943, 0133895.00 7862998.00
:22,22,13.962, 0143202.00 7866863.00
:22,22,13.983, 0152043.00 7871050.00
:22,22,14.003, 0160845.00 7875153.00
:22,22,14.023, 0168370.00 7879514.00
:22,22,14.043, 0174174.00 7883547.00
:22,22,14.063, 0178694.00 7887759.00
:22,22,14.083, 0182452.00 7891751.00
:22,22,14.102, 0186192.00 7896004.00
:22,22,14.123, 0187195.00 7899775.00
:22,22,14.142, 0165991.00 7900574.00
:22,22,14.162, 0149144.00 7901722.00
:22,22,14.183, 0134259.00 7902669.00
:22,22,14.203, 0118722.00 7903290.00
:22,22,14.223, 0104735.00 7903748.00
:22,22,14.243, 0090850.00 7904006.00
:22,22,14.263, 0078024.00 7904057.00
:22,22,14.282, 0066176.00 7904057.00
:22,22,14.302, 0056568.00 7904057.00
:22,22,14.323, 0047978.00 7904057.00
:22,22,14.342, 0041013.00 7904057.00
:22,22,14.363, 0035082.00 7904062.00
:22,22,14.382, 0031365.00 7904274.00
:22,22,14.403, 0029657.00 7904679.00
:22,22,14.422, 0029750.00 7905272.00
:22,22,14.443, 0031200.00 7906090.00
:22,22,14.462, 0034222.00 7907090.00
:22,22,14.483, 0038283.00 7908367.00
:22,22,14.502, 0043414.00 7909778.00
:22,22,14.522, 0049290.00 7911499.00
:22,22,14.542, 0055649.00 7913281.00
:22,22,14.563, 0062231.00 7915355.00
:22,22,14.582, 0069663.00 7917528.00
:22,22,14.603, 0077156.00 7920017.00
:22,22,14.622, 0084942.00 7922578.00
:22,22,14.642, 0093330.00 7925460.00
:22,22,14.663, 0101903.00 7928387.00
:22,22,14.682, 0110258.00 7931659.00
:22,22,14.702, 0118684.00 7934969.00
:22,22,14.722, 0127375.00 7938400.00
:22,22,14.742, 0131878.00 7941645.00
:22,22,14.762, 0133334.00 7944402.00
:22,22,14.782, 0132411.00 7947016.00
:22,22,14.803, 0129607.00 7949331.00
:22,22,14.823, 0125648.00 7951351.00
:22,22,14.843, 0123272.00 7953475.00
:22,22,14.863, 0124512.00 7956176.00
:22,22,14.882, 0123358.00 7958455.00
:22,22,14.902, 0121878.00 7960776.00
:22,22,14.923, 0121380.00 7963096.00
:22,22,14.942, 0122418.00 7965734.00
:22,22,14.962, 0125503.00 7968526.00
:22,22,14.982, 0131192.00 7971909.00
:22,22,15.002, 0139754.00 7975578.00
:22,22,15.023, 0149294.00 7979729.00
:22,22,15.043, 0158352.00 7983862.00
:22,22,15.063, 0166433.00 7988251.00
:22,22,15.082, 0173513.00 7992412.00
:22,22,15.102, 0178870.00 7996728.00
:22,22,15.122, 0183734.00 8000847.00
:22,22,15.142, 0166404.00 8002202.00
:22,22,15.163, 0150839.00 8003481.00
:22,22,15.183, 0135049.00 8004340.00
:22,22,15.203, 0119584.00 8004981.00
:22,22,15.223, 0105707.00 8005453.00
:22,22,15.242, 0091782.00 8005743.00
:22,22,15.262, 0079028.00 8005822.00
:22,22,15.282, 0067027.00 8005822.00
:22,22,15.302, 0057296.00 8005822.00
:22,22,15.322, 0048595.00 8005822.00
:22,22,15.342, 0041540.00 8005822.00
:22,22,15.362, 0035533.00 8005827.00
:22,22,15.382, 0031655.00 8006025.00
:22,22,15.403, 0029926.00 8006433.00
:22,22,15.422, 0029955.00 8007023.00
:22,22,15.443, 0031416.00 8007846.00
:22,22,15.462, 0034227.00 8008823.00
:22,22,15.482, 0038163.00 8010054.00
:22,22,15.503, 0042854.00 8011428.00
:22,22,15.522, 0048823.00 8013154.00
:22,22,15.544, 0054584.00 8014830.00
:22,22,15.562, 0061213.00 8016889.00
:22,22,15.583, 0068650.00 8019043.00
:22,22,15.603, 0076139.00 8021511.00
:22,22,15.623, 0084360.00 8024058.00
:22,22,15.643, 0092470.00 8026794.00
:22,22,15.662, 0101248.00 8029873.00
:22,22,15.682, 0109774.00 8032995.00
:22,22,15.702, 0118923.00 8036479.00
:22,22,15.722, 0127819.00 8039996.00
:22,22,15.742, 0137258.00 8043889.00
:22,22,15.762, 0146283.00 8047782.00
:22,22,15.782, 0154391.00 8051877.00
:22,22,15.803, 0161025.00 8055785.00
:22,22,15.822, 0166917.00 8059883.00
:22,22,15.843, 0171534.00 8063765.00
:22,22,15.862, 0174853.00 8067762.00
:22,22,15.882, 0178224.00 8071607.00
:22,22,15.902, 0179317.00 8075412.00
:22,22,15.922, 0178597.00 8078820.00
:22,22,15.943, 0176455.00 8082196.00
:22,22,15.962, 0173279.00 8085218.00
:22,22,15.983, 0168803.00 8088170.00
:22,22,16.003, 0163758.00 8090791.00
:22,22,16.022, 0157541.00 8093312.00
:22,22,16.043, 0151194.00 8095538.00
:22,22,16.062, 0144371.00 8097672.00
:22,22,16.082, 0136685.00 8099501.00
:22,22,16.102, 0129067.00 8101148.00
:22,22,16.122, 0120805.00 8102682.00
:22,22,16.142, 0112688.00 8104011.00
:22,22,16.163, 0103882.00 8105077.00
:22,22,16.183, 0095213.00 8105980.00
:22,22,16.203, 0086028.00 8106657.00
:22,22,16.224, 0077148.00 8107164.00
:22,22,16.244, 0067857.00 8107475.00
:22,22,16.263, 0058763.00 8107580.00
:22,22,16.283, 0049832.00 8107579.00
:22,22,16.303, 0042598.00 8107579.00
:22,22,16.323, 0036413.00 8107579.00
:22,22,16.343, 0030884.00 8107579.00
:22,22,16.363, 0026210.00 8107581.00
:22,22,16.384, 0023665.00 8107747.00
:22,22,16.404, 0023000.00 8108141.00
:22,22,16.423, 0023903.00 8108708.00
:22,22,16.444, 0026106.00 8109512.00
:22,22,16.463, 0029561.00 8110468.00
:22,22,16.484, 0034074.00 8111681.00
:22,22,16.503, 0039197.00 8113033.00
:22,22,16.523, 0044948.00 8114652.00
:22,22,16.543, 0051663.00 8116396.00
:22,22,16.563, 0058542.00 8118430.00
:22,22,16.583, 0066574.00 8120783.00
:22,22,16.605, 0073964.00 8122895.00
:22,22,16.623, 0081921.00 8125538.00
:22,22,16.643, 0090638.00 8128262.00
:22,22,16.663, 0099524.00 8131318.00
:22,22,16.683, 0108204.00 8134427.00
:22,22,16.703, 0116985.00 8137889.00
:22,22,16.723, 0126395.00 8141386.00
:22,22,16.743, 0135925.00 8145262.00
:22,22,16.763, 0144840.00 8149309.00
:22,22,16.784, 0152460.00 8153117.00
:22,22,16.804, 0158384.00 8157073.00
:22,22,16.824, 0159726.00 8160331.00
:22,22,16.844, 0156425.00 8163011.00
:22,22,16.863, 0150919.00 8165480.00
:22,22,16.883, 0144591.00 8167576.00
:22,22,16.903, 0140361.00 8169970.00
:22,22,16.924, 0138062.00 8172399.00
:22,22,16.943, 0139597.00 8175430.00
:22,22,16.963, 0144498.00 8178811.00
:22,22,16.983, 0152465.00 8182845.00
:22,22,17.004, 0159905.00 8186823.00
:22,22,17.024, 0167289.00 8191146.00
:22,22,17.043, 0174477.00 8195339.00
:22,22,17.063, 0178305.00 8199455.00
:22,22,17.084, 0163689.00 8201229.00
:22,22,17.105, 0152916.00 8202734.00
:22,22,17.123, 0141305.00 8204303.00
:22,22,17.143, 0130343.00 8205649.00
:22,22,17.163, 0118941.00 8206727.00
:22,22,17.183, 0108427.00 8207638.00
:22,22,17.203, 0097439.00 8208380.00
:22,22,17.224, 0086977.00 8208898.00
:22,22,17.244, 0076222.00 8209212.00
:22,22,17.263, 0065988.00 8209328.00
:22,22,17.283, 0056421.00 8209328.00
:22,22,17.303, 0047853.00 8209328.00
:22,22,17.323, 0040586.00 8209328.00
:22,22,17.343, 0034694.00 8209328.00
:22,22,17.363, 0029433.00 8209329.00
:22,22,17.384, 0026206.00 8209466.00
:22,22,17.404, 0025012.00 8209840.00
:22,22,17.424, 0025398.00 8210378.00
:22,22,17.444, 0027259.00 8211147.00
:22,22,17.463, 0030215.00 8212125.00
:22,22,17.483, 0034668.00 8213291.00
:22,22,17.503, 0039746.00 8214650.00
:22,22,17.523, 0045193.00 8216237.00
:22,22,17.543, 0051763.00 8217968.00
:22,22,17.563, 0058777.00 8219974.00
:22,22,17.584, 0065968.00 8222087.00
:22,22,17.604, 0073534.00 8224391.00
:22,22,17.623, 0081894.00 8227025.00
:22,22,17.643, 0090080.00 8229863.00
:22,22,17.663, 0098902.00 8232759.00
:22,22,17.684, 0107546.00 8236011.00
:22,22,17.703, 0116773.00 8239300.00
:22,22,17.723, 0125691.00 8242958.00
:22,22,17.743, 0135139.00 8246629.00
:22,22,17.763, 0144274.00 8250692.00
:22,22,17.784, 0152503.00 8254567.00
:22,22,17.804, 0158366.00 8258334.00
:22,22,17.823, 0162829.00 8262195.00
:22,22,17.844, 0160952.00 8265130.00
:22,22,17.863, 0155450.00 8267959.00
:22,22,17.885, 0148806.00 8269942.00
:22,22,17.903, 0141800.00 8271947.00
:22,22,17.923, 0136207.00 8273963.00
:22,22,17.943, 0132635.00 8276272.00
:22,22,17.963, 0132076.00 8278921.00
:22,22,17.984, 0135853.00 8281994.00
:22,22,18.004, 0142231.00 8285499.00
:22,22,18.023, 0151014.00 8289600.00
:22,22,18.044, 0159102.00 8293635.00
:22,22,18.064, 0167225.00 8297994.00
:22,22,18.084, 0173939.00 8302163.00
:22,22,18.103, 0164119.00 8304346.00
:22,22,18.123, 0152302.00 8305973.00
:22,22,18.143, 0138888.00 8307281.00
:22,22,18.163, 0126430.00 8308386.00
:22,22,18.184, 0114872.00 8309304.00
:22,22,18.203, 0103061.00 8310067.00
:22,22,18.224, 0091999.00 8310615.00
:22,22,18.243, 0080574.00 8310940.00
:22,22,18.263, 0069866.00 8311078.00
:22,22,18.284, 0059284.00 8311080.00
:22,22,18.303, 0050677.00 8311080.00
:22,22,18.323, 0042981.00 8311080.00
:22,22,18.343, 0036741.00 8311080.00
:22,22,18.363, 0031162.00 8311080.00
:22,22,18.383, 0027476.00 8311189.00
:22,22,18.403, 0026016.00 8311550.00
:22,22,18.423, 0026216.00 8312086.00
:22,22,18.443, 0027885.00 8312846.00
:22,22,18.463, 0030687.00 8313765.00
:22,22,18.483, 0034537.00 8314940.00
:22,22,18.503, 0039461.00 8316250.00
:22,22,18.523, 0045201.00 8317832.00
:22,22,18.544, 0051324.00 8319536.00
:22,22,18.563, 0057980.00 8321531.00
:22,22,18.583, 0065405.00 8323620.00
:22,22,18.604, 0072938.00 8326028.00
:22,22,18.623, 0081201.00 8328517.00
:22,22,18.643, 0089360.00 8331337.00
:22,22,18.663, 0098145.00 8334214.00
:22,22,18.683, 0106720.00 8337441.00
:22,22,18.703, 0115965.00 8340716.00
:22,22,18.723, 0124811.00 8344348.00
:22,22,18.743, 0134325.00 8348011.00
:22,22,18.763, 0143399.00 8352049.00
:22,22,18.783, 0152044.00 8355962.00
:22,22,18.803, 0158994.00 8360062.00
:22,22,18.824, 0165165.00 8363961.00
:22,22,18.843, 0170151.00 8368052.00
:22,22,18.863, 0174183.00 8371894.00
:22,22,18.883, 0177179.00 8375699.00
:22,22,18.903, 0176696.00 8379275.00
:22,22,18.923, 0173801.00 8382338.00
:22,22,18.943, 0171423.00 8385569.00
:22,22,18.963, 0171152.00 8388885.00
:22,22,18.983, 0173148.00 8392666.00
:22,22,19.004, 0166945.00 8395213.00
:22,22,19.024, 0161405.00 8397852.00
:22,22,19.043, 0154833.00 8400162.00
:22,22,19.063, 0147848.00 8402347.00
:22,22,19.083, 0140071.00 8404233.00
:22,22,19.103, 0131895.00 8406004.00
:22,22,19.124, 0124042.00 8407526.00
:22,22,19.143, 0115875.00 8408913.00
:22,22,19.163, 0107439.00 8410035.00
:22,22,19.183, 0098455.00 8411018.00
:22,22,19.204, 0089238.00 8411753.00
:22,22,19.224, 0080314.00 8412320.00
:22,22,19.243, 0070827.00 8412667.00
:22,22,19.263, 0061693.00 8412827.00
:22,22,19.283, 0052373.00 8412831.00
:22,22,19.303, 0044769.00 8412831.00
:22,22,19.323, 0038270.00 8412831.00
:22,22,19.343, 0032458.00 8412831.00
:22,22,19.363, 0027529.00 8412831.00
:22,22,19.383, 0023533.00 8412831.00
:22,22,19.403, 0019959.00 8412831.00
:22,22,19.424, 0017061.00 8412831.00
:22,22,19.443, 0014477.00 8412832.00
:22,22,19.463, 0012376.00 8412832.00
:22,22,19.483, 0010504.00 8412833.00
:22,22,19.503, 0008979.00 8412833.00
:22,22,19.524, 0007622.00 8412834.00
:22,22,19.544, 0006523.00 8412835.00
:22,22,19.563, 0005576.00 8412835.00
:22,22,19.583, 0004729.00 8412835.00
:22,22,19.603, 0004011.00 8412835.00
:22,22,19.624, 0003428.00 8412835.00
:22,22,19.643, 0002931.00 8412835.00
:22,22,19.663, 0002486.00 8412835.00
:22,22,19.683, 0002125.00 8412835.00
:22,22,19.703, 0001802.00 8412835.00
:22,22,19.724, 0001541.00 8412835.00
:22,22,19.743, 0001307.00 8412835.00
:22,22,19.763, 0001124.00 8412836.00
:22,22,19.783, 0000960.00 8412837.00
:22,22,19.803, 0000836.00 8412839.00
:22,22,19.823, 0000709.00 8412839.00
:22,22,19.843, 0000606.00 8412839.00
:22,22,19.863, 0000510.00 8412839.00
:22,22,19.885, 0000439.00 8412839.00
:22,22,19.903, 0000381.00 8412840.00
:22,22,19.923, 0000325.00 8412840.00
:22,22,19.943, 0000276.00 8412840.00
:22,22,19.963, 0000236.00 8412840.00
:22,22,19.983, 0000202.00 8412840.00
:22,22,20.003, 0000170.00 8412840.00
:22,22,20.025, 0000145.00 8412840.00
:22,22,20.043, 0000124.00 8412840.00
:22,22,20.064, 0000106.00 8412840.00
:22,22,20.083, 0000090.00 8412840.00
:22,22,20.103, 0000076.00 8412840.00
:22,22,20.124, 0000065.00 8412840.00
:22,22,20.143, 0000056.00 8412840.00
:22,22,20.163, 0000047.00 8412840.00
:22,22,20.183, 0000040.00 8412840.00
:22,22,20.203, 0000034.00 8412840.00
:22,22,20.223, 0000029.00 8412840.00
:22,22,20.243, 0000025.00 8412840.00
:22,22,20.264, 0000021.00 8412840.00
:22,22,20.283, 0000018.00 8412840.00
:22,22,20.303, 0000016.00 8412840.00
:22,22,20.324, 0000013.00 8412840.00
:22,22,20.343, 0000011.00 8412840.00
:22,22,20.363, 0000010.00 8412840.00
:22,22,20.383, 0000008.00 8412840.00
:22,22,20.403, 0000007.00 8412840.00
:22,22,20.423, 0000006.00 8412840.00
:22,22,20.443, 0000005.00 8412840.00
:22,22,20.463, 0000005.00 8412840.00
:22,22,20.483, 0000004.00 8412840.00
:22,22,20.503, 0000003.00 8412840.00
:22,22,20.523, 0000003.00 8412840.00
:22,22,20.543, 0000000.00 8412840.00
:22,22,20.563, 0000000.00 8412840.00
:22,22,20.583, 0000000.00 8412840.00
:22,22,20.603, 0000000.00 8412840.00
:22,22,20.624, 0000000.00 8412840.00
:22,22,20.643, 0000000.00 8412840.00
:22,22,20.663, 0000000.00 8412840.00
:22,22,20.683, 0000000.00 8412840.00
:22,22,20.703, 0000000.00 8412840.00
:22,22,20.723, 0000000.00 8412840.00
:22,22,20.743, 0000000.00 8412840.00
:22,22,20.763, 0000000.00 8412840.00
:22,22,20.783, 0000000.00 8412840.00
:22,22,20.803, 0000000.00 8412840.00
:22,22,20.823, 0000000.00 8412840.00
:22,22,20.843, 0000000.00 8412840.00
:22,22,20.863, 0000000.00 8412840.00
:22,22,20.883, 0000000.00 8412840.00
:22,22,20.903, 0000000.00 8412840.00
:22,22,20.923, 0000000.00 8412840.00
:22,22,20.943, 0000000.00 8412840.00
:22,22,20.963, 0000000.00 8412840.00
:22,22,20.983, 0000000.00 8412840.00
:22,22,21.003, 0000000.00 8412840.00
:22,22,21.023, 0000000.00 8412840.00
:22,22,21.043, 0000000.00 8412840.00
:22,22,21.063, 0000000.00 8412840.00
:22,22,21.083, 0000000.00 8412840.00
:22,22,21.103, 0000000.00 8412840.00
:22,22,21.123, 0000000.00 8412840.00
:22,22,21.143, 0000000.00 8412840.00
:22,22,21.163, 0000000.00 8412840.00
:22,22,21.183, 0000000.00 8412840.00
:22,22,21.203, 0000000.00 8412840.00
:22,22,21.223, 0000000.00 8412840.00
:22,22,21.243, 0000000.00 8412840.00
:22,22,21.263, 0000000.00 8412840.00
:22,22,21.284, 0000000.00 8412840.00
:22,22,21.303, 0000000.00 8412840.00
:22,22,21.323, 0000000.00 8412840.00
:22,22,21.343, 0000000.00 8412840.00
:22,22,21.363, 0000000.00 8412840.00
:22,22,21.383, 0000000.00 8412840.00
:22,22,21.403, 0000000.00 8412840.00
:22,22,21.423, 0000000.00 8412840.00
:22,22,21.443, 0000000.00 8412840.00
:22,22,21.463, 0000000.00 8412840.00
:22,22,21.483, 0000000.00 8412840.00
:22,22,21.503, 0000000.00 8412840.00
:22,22,21.523, 0000000.00 8412840.00
:22,22,21.543, 0000000.00 8412840.00
:22,22,21.563, 0000000.00 8412840.00
:22,22,21.583, 0000000.00 8412840.00
:22,22,21.603, 0000000.00 8412840.00
:22,22,21.623, 0000000.00 8412840.00
:22,22,21.643, 0000000.00 8412840.00
:22,22,21.664, 0000000.00 8412840.00
:22,22,21.683, 0000000.00 8412840.00
:22,22,21.703, 0000000.00 8412840.00
:22,22,21.723, 0000000.00 8412840.00
:22,22,21.743, 0000000.00 8412840.00
:22,22,21.764, 0000000.00 8412840.00
:22,22,21.784, 0000000.00 8412840.00
:22,22,21.803, 0000000.00 8412840.00
:22,22,21.823, 0000000.00 8412840.00
:22,22,21.843, 0000000.00 8412840.00
:22,22,21.863, 0000000.00 8412840.00
:22,22,21.883, 0000000.00 8412840.00
:22,22,21.903, 0000000.00 8412840.00
:22,22,21.923, 0000000.00 8412840.00
:22,22,21.943, 0000000.00 8412840.00
:22,22,21.964, 0000000.00 8412840.00
:22,22,21.983, 0000000.00 8412840.00
:22,22,22.004, 0000000.00 8412840.00
:22,22,22.023, 0000000.00 8412840.00
:22,22,22.043, 0000000.00 8412840.00
:22,22,22.063, 0000000.00 8412840.00
:22,22,22.083, 0000000.00 8412840.00
:22,22,22.103, 0000000.00 8412840.00
:22,22,22.123, 0000000.00 8412840.00
:22,22,22.143, 0000000.00 8412840.00
:22,22,22.163, 0000000.00 8412840.00
:22,22,22.183, 0000000.00 8412840.00
:22,22,22.203, 0000000.00 8412840.00
:22,22,22.223, 0000000.00 8412840.00
:22,22,22.243, 0000000.00 8412840.00
:22,22,22.263, 0000000.00 8412840.00
:22,22,22.283, 0000000.00 8412840.00
:22,22,22.304, 0000000.00 8412840.00
:22,22,22.323, 0000000.00 8412840.00
:22,22,22.343, 0000000.00 8412840.00
:22,22,22.363, 0000000.00 8412840.00
:22,22,22.383, 0000000.00 8412840.00
:22,22,22.404, 0000000.00 8412840.00
:22,22,22.424, 0000000.00 8412840.00
:22,22,22.443, 0000000.00 8412840.00
:22,22,22.463, 0000000.00 8412840.00
:22,22,22.483, 0000000.00 8412840.00
:22,22,22.503, 0000000.00 8412840.00
:22,22,22.523, 0000000.00 8412840.00
:22,22,22.543, 0000000.00 8412840.00
:22,22,22.563, 0000000.00 8412840.00
:22,22,22.583, 0000000.00 8412840.00
:22,22,22.603, 0000000.00 8412840.00
:22,22,22.623, 0000000.00 8412840.00
:22,22,22.643, 0000000.00 8412840.00
:22,22,22.663, 0000000.00 8412840.00
:22,22,22.683, 0000000.00 8412840.00
:22,22,22.705, 0000000.00 8412840.00
:22,22,22.723, 0000000.00 8412840.00
:22,22,22.743, 0000000.00 8412840.00
:22,22,22.763, 0000000.00 8412840.00
:22,22,22.783, 0000000.00 8412840.00
:22,22,22.803, 0000000.00 8412840.00
:22,22,22.823, 0000000.00 8412840.00
:22,22,22.843, 0000000.00 8412840.00
:22,22,22.863, 0000000.00 8412840.00
:22,22,22.883, 0000000.00 8412840.00
:22,22,22.903, 0000000.00 8412840.00
:22,22,22.923, 0000000.00 8412840.00
:22,22,22.943, 0000000.00 8412840.00
:22,22,22.963, 0000000.00 8412840.00
:22,22,22.983, 0000000.00 8412840.00
:22,22,23.003, 0000000.00 8412840.00
:22,22,23.023, 0000000.00 8412840.00
:22,22,23.043, 0000000.00 8412840.00
:22,22,23.063, 0000000.00 8412840.00
:22,22,23.083, 0000000.00 8412840.00
:22,22,23.103, 0000000.00 8412840.00
:22,22,23.123, 0000000.00 8412840.00
:22,22,23.143, 0000000.00 8412840.00
:22,22,23.163, 0000000.00 8412840.00
:22,22,23.183, 0000000.00 8412840.00
:22,22,23.203, 0000000.00 8412840.00
:22,22,23.223, 0000000.00 8412840.00
:22,22,23.243, 0000000.00 8412840.00
:22,22,23.263, 0000000.00 8412840.00
:22,22,23.283, 0000000.00 8412840.00
:22,22,23.303, 0000000.00 8412840.00
:22,22,23.323, 0000000.00 8412840.00
:22,22,23.343, 0000000.00 8412840.00
:22,22,23.363, 0000000.00 8412840.00
:22,22,23.383, 0000000.00 8412840.00
:22,22,23.403, 0000000.00 8412840.00
:22,22,23.423, 0000000.00 8412840.00
:22,22,23.443, 0000000.00 8412840.00
:22,22,23.463, 0000000.00 8412840.00
:22,22,23.483, 0000000.00 8412840.00
:22,22,23.503, 0000000.00 8412840.00
:22,22,23.523, 0000000.00 8412840.00
:22,22,23.543, 0000000.00 8412840.00
:22,22,23.565, 0000000.00 8412840.00
:22,22,23.583, 0000000.00 8412840.00
:22,22,23.603, 0000000.00 8412840.00
:22,22,23.623, 0000000.00 8412840.00
:22,22,23.643, 0000000.00 8412840.00
:22,22,23.663, 0000000.00 8412840.00
:22,22,23.683, 0000000.00 8412840.00
:22,22,23.703, 0000000.00 8412840.00
:22,22,23.723, 0000000.00 8412840.00
:22,22,23.743, 0000000.00 8412840.00
:22,22,23.763, 0000000.00 8412840.00
:22,22,23.783, 0000000.00 8412840.00
:22,22,23.803, 0000000.00 8412840.00
:22,22,23.823, 0000000.00 8412840.00
:22,22,23.843, 0000000.00 8412840.00
:22,22,23.863, 0000000.00 8412840.00
:22,22,23.883, 0000000.00 8412840.00
:22,22,23.903, 0000000.00 8412840.00
:22,22,23.923, 0000000.00 8412840.00
:22,22,23.943, 0000000.00 8412840.00
:22,22,23.963, 0000000.00 8412840.00
:22,22,23.984, 0000000.00 8412840.00
:22,22,24.003, 0000000.00 8412840.00
:22,22,24.023, 0000000.00 8412840.00
:22,22,24.043, 0000000.00 8412840.00
:22,22,24.063, 0000000.00 8412840.00
:22,22,24.083, 0000000.00 8412840.00
:22,22,24.103, 0000000.00 8412840.00
:22,22,24.123, 0000000.00 8412840.00
:22,22,24.143, 0000000.00 8412840.00
:22,22,24.163, 0000000.00 8412840.00
:22,22,24.183, 0000000.00 8412840.00
:22,22,24.203, 0000000.00 8412840.00
:22,22,24.223, 0000000.00 8412840.00
:22,22,24.243, 0000000.00 8412840.00
:22,22,24.263, 0000000.00 8412840.00
:22,22,24.283, 0000000.00 8412840.00
:22,22,24.303, 0000000.00 8412840.00
:22,22,24.323, 0000000.00 8412840.00
:22,22,24.343, 0000000.00 8412840.00
:22,22,24.363, 0000000.00 8412840.00
:22,22,24.383, 0000000.00 8412840.00
:22,22,24.403, 0000000.00 8412840.00
:22,22,24.423, 0000000.00 8412840.00
:22,22,24.443, 0000000.00 8412840.00
:22,22,24.463, 0000000.00 8412840.00
:22,22,24.483, 0000000.00 8412840.00
:22,22,24.503, 0000000.00 8412840.00
:22,22,24.523, 0000000.00 8412840.00
:22,22,24.543, 0000000.00 8412840.00
:22,22,24.563, 0000000.00 8412840.00
:22,22,24.583, 0000000.00 8412840.00
:22,22,24.603, 0000000.00 8412840.00
:22,22,24.623, 0000000.00 8412840.00
:22,22,24.644, 0000000.00 8412840.00
:22,22,24.663, 0000000.00 8412840.00
:22,22,24.683, 0000000.00 8412840.00
:22,22,24.703, 0000000.00 8412840.00
:22,22,24.723, 0000000.00 8412840.00
:22,22,24.743, 0000000.00 8412840.00
:22,22,24.763, 0000000.00 8412840.00
:22,22,24.783, 0000000.00 8412840.00
:22,22,24.803, 0000000.00 8412840.00
:22,22,24.824, 0000000.00 8412840.00
:22,22,24.843, 0000000.00 8412840.00
:22,22,24.863, 0000000.00 8412840.00
:22,22,24.883, 0000000.00 8412840.00
:22,22,24.903, 0000000.00 8412840.00
:22,22,24.923, 0000000.00 8412840.00
:22,22,24.943, 0000000.00 8412840.00
:22,22,24.963, 0000000.00 8412840.00
:22,22,24.983, 0000000.00 8412840.00
:22,22,25.003, 0000000.00 8412840.00
:22,22,25.023, 0000000.00 8412840.00
:22,22,25.043, 0000000.00 8412840.00
:22,22,25.063, 0000000.00 8412840.00
:22,22,25.083, 0000000.00 8412840.00
:22,22,25.103, 0000000.00 8412840.00
:22,22,25.123, 0000000.00 8412840.00
:22,22,25.143, 0000000.00 8412840.00
:22,22,25.163, 0000000.00 8412840.00
:22,22,25.183, 0000000.00 8412840.00
:22,22,25.203, 0000000.00 8412840.00
:22,22,25.223, 0000000.00 8412840.00
:22,22,25.243, 0000000.00 8412840.00
:22,22,25.263, 0000000.00 8412840.00
:22,22,25.283, 0000000.00 8412840.00
:22,22,25.303, 0000000.00 8412840.00
:22,22,25.323, 0000000.00 8412840.00
:22,22,25.343, 0000000.00 8412840.00
:22,22,25.363, 0000000.00 8412840.00
:22,22,25.383, 0000000.00 8412840.00
:22,22,25.403, 0000000.00 8412840.00
:22,22,25.423, 0000000.00 8412840.00
:22,22,25.443, 0000000.00 8412840.00
:22,22,25.463, 0000000.00 8412840.00
:22,22,25.483, 0000000.00 8412840.00
:22,22,25.503, 0000000.00 8412840.00
:22,22,25.523, 0000000.00 8412840.00
:22,22,25.543, 0000000.00 8412840.00
:22,22,25.563, 0000000.00 8412840.00
:22,22,25.583, 0000000.00 8412840.00
:22,22,25.603, 0000000.00 8412840.00
:22,22,25.623, 0000000.00 8412840.00
:22,22,25.643, 0000000.00 8412840.00
:22,22,25.663, 0000000.00 8412840.00
:22,22,25.683, 0000000.00 8412840.00
:22,22,25.703, 0000000.00 8412840.00
:22,22,25.723, 0000000.00 8412840.00
:22,22,25.743, 0000000.00 8412840.00
:22,22,25.763, 0000000.00 8412840.00
:22,22,25.783, 0000000.00 8412840.00
:22,22,25.803, 0000000.00 8412840.00
:22,22,25.823, 0000000.00 8412840.00
:22,22,25.843, 0000000.00 8412840.00
:22,22,25.863, 0000000.00 8412840.00
:22,22,25.883, 0000000.00 8412840.00
:22,22,25.903, 0000000.00 8412840.00
:22,22,25.923, 0000000.00 8412840.00
:22,22,25.943, 0000000.00 8412840.00
:22,22,25.963, 0000000.00 8412840.00
:22,22,25.983, 0000000.00 8412840.00
:22,22,26.003, 0000000.00 8412840.00
:22,22,26.023, 0000000.00 8412840.00
:22,22,26.043, 0000000.00 8412840.00
:22,22,26.063, 0000000.00 8412840.00
:22,22,26.083, 0000000.00 8412840.00
:22,22,26.103, 0000000.00 8412840.00
:22,22,26.123, 0000000.00 8412840.00
:22,22,26.143, 0000000.00 8412840.00
:22,22,26.163, 0000000.00 8412840.00
:22,22,26.183, 0000000.00 8412840.00
:22,22,26.203, 0000000.00 8412840.00
:22,22,26.223, 0000000.00 8412840.00
:22,22,26.243, 0000000.00 8412840.00
:22,22,26.263, 0000000.00 8412840.00
:22,22,26.283, 0000000.00 8412840.00
:22,22,26.303, 0000000.00 8412840.00
:22,22,26.323, 0000000.00 8412840.00
:22,22,26.343, 0000000.00 8412840.00
:22,22,26.363, 0000000.00 8412840.00
:22,22,26.383, 0000000.00 8412840.00
:22,22,26.403, 0000000.00 8412840.00
:22,22,26.423, 0000000.00 8412840.00
:22,22,26.443, 0000000.00 8412840.00
:22,22,26.463, 0000000.00 8412840.00
:22,22,26.483, 0000000.00 8412840.00
:22,22,26.503, 0000000.00 8412840.00
:22,22,26.523, 0000000.00 8412840.00
:22,22,26.543, 0000000.00 8412840.00
:22,22,26.563, 0000000.00 8412840.00
:22,22,26.583, 0000000.00 8412840.00
:22,22,26.603, 0000000.00 8412840.00
:22,22,26.623, 0000000.00 8412840.00
:22,22,26.643, 0000000.00 8412840.00
:22,22,26.663, 0000000.00 8412840.00
:22,22,26.683, 0000000.00 8412840.00
:22,22,26.703, 0000000.00 8412840.00
:22,22,26.723, 0000000.00 8412840.00
:22,22,26.743, 0000000.00 8412840.00
:22,22,26.763, 0000000.00 8412840.00
:22,22,26.783, 0000000.00 8412840.00
:22,22,26.803, 0000000.00 8412840.00
:22,22,26.823, 0000000.00 8412840.00
:22,22,26.843, 0000000.00 8412840.00
:22,22,26.863, 0000000.00 8412840.00
:22,22,26.883, 0000000.00 8412840.00
:22,22,26.903, 0000000.00 8412840.00
:22,22,26.923, 0000000.00 8412840.00
:22,22,26.943, 0000000.00 8412840.00
:22,22,26.963, 0000000.00 8412840.00
:22,22,26.983, 0000000.00 8412840.00
:22,22,27.003, 0000000.00 8412840.00
:22,22,27.023, 0000000.00 8412840.00
:22,22,27.043, 0000000.00 8412840.00
:22,22,27.063, 0000000.00 8412840.00
:22,22,27.083, 0000000.00 8412840.00
:22,22,27.103, 0000000.00 8412840.00
:22,22,27.123, 0000000.00 8412840.00
:22,22,27.143, 0000000.00 8412840.00
:22,22,27.163, 0000000.00 8412840.00
:22,22,27.183, 0000000.00 8412840.00
:22,22,27.203, 0000000.00 8412840.00
:22,22,27.223, 0000000.00 8412840.00
:22,22,27.243, 0000000.00 8412840.00
:22,22,27.263, 0000000.00 8412840.00
:22,22,27.283, 0000000.00 8412840.00
:22,22,27.303, 0000000.00 8412840.00
:22,22,27.323, 0000000.00 8412840.00
:22,22,27.343, 0000000.00 8412840.00
:22,22,27.363, 0000000.00 8412840.00
:22,22,27.383, 0000000.00 8412840.00
:22,22,27.403, 0000000.00 8412840.00
:22,22,27.423, 0000000.00 8412840.00
:22,22,27.443, 0000000.00 8412840.00
:22,22,27.463, 0000000.00 8412840.00
:22,22,27.483, 0000000.00 8412840.00
:22,22,27.503, 0000000.00 8412840.00
:22,22,27.523, 0000000.00 8412840.00
:22,22,27.543, 0000000.00 8412840.00
:22,22,27.563, 0000000.00 8412840.00
:22,22,27.583, 0000000.00 8412840.00
:22,22,27.603, 0000000.00 8412840.00
:22,22,27.623, 0000000.00 8412840.00
:22,22,27.643, 0000000.00 8412840.00
:22,22,27.663, 0000000.00 8412840.00
:22,22,27.683, 0000000.00 8412840.00
:22,22,27.703, 0000000.00 8412840.00
:22,22,27.723, 0000000.00 8412840.00
:22,22,27.743, 0000000.00 8412840.00
:22,22,27.763, 0000000.00 8412840.00
:22,22,27.783, 0000000.00 8412840.00
:22,22,27.803, 0000000.00 8412840.00
:22,22,27.823, 0000000.00 8412840.00
:22,22,27.843, 0000000.00 8412840.00
:22,22,27.863, 0000000.00 8412840.00
:22,22,27.883, 0000000.00 8412840.00
:22,22,27.903, 0000000.00 8412840.00
:22,22,27.923, 0000000.00 8412840.00
:22,22,27.943, 0000000.00 8412840.00
:22,22,27.963, 0000000.00 8412840.00
:22,22,27.983, 0000000.00 8412840.00
:22,22,28.003, 0000000.00 8412840.00
:22,22,28.023, 0000000.00 8412840.00
:22,22,28.044, 0000000.00 8412840.00
:22,22,28.063, 0000000.00 8412840.00
:22,22,28.083, 0000000.00 8412840.00
:22,22,28.103, 0000000.00 8412840.00
:22,22,28.123, 0000000.00 8412840.00
:22,22,28.143, 0000000.00 8412840.00
:22,22,28.163, 0000000.00 8412840.00
:22,22,28.183, 0000000.00 8412840.00
:22,22,28.203, 0000000.00 8412840.00
:22,22,28.223, 0000000.00 8412840.00
:22,22,28.243, 0000000.00 8412840.00
:22,22,28.263, 0000000.00 8412840.00
:22,22,28.283, 0000000.00 8412840.00
:22,22,28.303, 0000000.00 8412840.00
:22,22,28.323, 0000000.00 8412840.00
:22,22,28.343, 0000000.00 8412840.00
:22,22,28.363, 0000000.00 8412840.00
:22,22,28.383, 0000000.00 8412840.00
:22,22,28.403,-0000007.00 8412839.00
:22,22,28.423,-0000006.00 8412839.00
:22,22,28.444,-0000005.00 8412839.00
:22,22,28.463,-0000005.00 8412839.00
:22,22,28.483,-0000004.00 8412839.00
:22,22,28.503,-0000003.00 8412839.00
:22,22,28.523,-0000003.00 8412839.00
:22,22,28.543, 0000000.00 8412839.00
:22,22,28.563, 0000000.00 8412839.00
:22,22,28.583, 0000000.00 8412839.00
:22,22,28.603, 0000000.00 8412839.00
:22,22,28.623, 0000000.00 8412839.00
:22,22,28.643, 0000000.00 8412839.00
:22,22,28.663, 0000000.00 8412839.00
:22,22,28.683, 0000000.00 8412839.00
:22,22,28.703, 0000000.00 8412839.00
:22,22,28.723, 0000000.00 8412839.00
:22,22,28.743, 0000000.00 8412839.00
:22,22,28.762, 0000000.00 8412839.00
:22,22,28.783, 0000000.00 8412839.00
:22,22,28.803, 0000000.00 8412839.00
:22,22,28.823, 0000000.00 8412839.00
:22,22,28.843, 0000000.00 8412839.00
:22,22,28.863, 0000000.00 8412839.00
:22,22,28.883, 0000000.00 8412839.00
:22,22,28.903, 0000000.00 8412839.00
:22,22,28.923, 0000000.00 8412839.00
:22,22,28.943, 0000000.00 8412839.00
:22,22,28.963, 0000000.00 8412839.00
:22,22,28.983, 0000000.00 8412839.00
:22,22,29.003, 0000000.00 8412839.00
:22,22,29.023, 0000000.00 8412839.00
:22,22,29.043, 0000000.00 8412839.00
:22,22,29.063, 0000000.00 8412839.00
:22,22,29.083, 0000000.00 8412839.00
:22,22,29.103, 0000000.00 8412839.00
:22,22,29.123, 0000000.00 8412839.00
:22,22,29.143, 0000000.00 8412839.00
:22,22,29.163, 0000000.00 8412839.00
:22,22,29.183, 0000000.00 8412839.00
:22,22,29.203, 0000000.00 8412839.00
:22,22,29.223, 0000000.00 8412839.00
:22,22,29.243, 0000000.00 8412839.00
:22,22,29.263, 0000000.00 8412839.00
:22,22,29.283, 0000000.00 8412839.00
:22,22,29.303, 0000000.00 8412839.00
:22,22,29.323, 0000000.00 8412839.00
:22,22,29.343, 0000000.00 8412839.00
:22,22,29.363, 0000000.00 8412839.00
:22,22,29.383, 0000000.00 8412839.00
:22,22,29.403, 0000000.00 8412839.00
:22,22,29.423, 0000000.00 8412839.00
:22,22,29.443, 0000000.00 8412839.00
:22,22,29.463, 0000000.00 8412839.00
:22,22,29.483, 0000000.00 8412839.00
:22,22,29.503, 0000000.00 8412839.00
:22,22,29.523, 0000000.00 8412839.00
:22,22,29.543, 0000000.00 8412839.00
:22,22,29.563, 0000000.00 8412839.00
:22,22,29.583, 0000000.00 8412839.00
:22,22,29.603, 0000000.00 8412839.00
:22,22,29.623, 0000000.00 8412839.00
:22,22,29.643, 0000000.00 8412839.00
:22,22,29.663, 0000000.00 8412839.00
:22,22,29.683, 0000000.00 8412839.00
:22,22,29.703, 0000000.00 8412839.00
:22,22,29.723, 0000000.00 8412839.00
:22,22,29.743, 0000000.00 8412839.00
:22,22,29.763, 0000000.00 8412839.00
:22,22,29.783, 0000000.00 8412839.00
:22,22,29.803, 0000000.00 8412839.00
:22,22,29.823, 0000000.00 8412839.00
:22,22,29.843, 0000000.00 8412839.00
:22,22,29.863, 0000000.00 8412839.00
:22,22,29.883, 0000000.00 8412839.00
:22,22,29.903, 0000000.00 8412839.00
:22,22,29.923, 0000000.00 8412839.00
:22,22,29.943, 0000000.00 8412839.00
:22,22,29.963, 0000000.00 8412839.00
:22,22,29.983, 0000000.00 8412839.00
:22,22,30.003, 0000000.00 8412839.00
:22,22,30.023, 0000000.00 8412839.00
:22,22,30.043, 0000000.00 8412839.00
:22,22,30.063, 0000000.00 8412839.00
:22,22,30.083, 0000000.00 8412839.00
:22,22,30.103, 0000000.00 8412839.00
: